1
24/02/2008
76
66
2
2
01/10/2010
72
39
2
3
01/10/2010
72
59
2
4
01/10/2010
72
60
2
5
11/10/2010
174
5
2
6
11/10/2010
174
22
2
7
11/10/2010
174
68
2
9
04/11/2009
67
47
2
10
12/02/2010
174
33
2
11
12/08/2008
57
6
2
12
12/08/2008
57
46
2
13
09/12/2010
120
1
2
14
11/06/2008
138
7
2
15
11/06/2008
138
47
2
16
25/09/2008
18
27
2
17
25/09/2008
18
41
2
18
08/01/2010
80
10
2
19
08/01/2010
80
34
2
20
08/01/2010
80
68
2
21
11/06/2010
16
19
2
22
11/06/2010
16
35
2
23
11/06/2010
16
40
2
24
11/06/2010
16
42
2
25
11/06/2010
16
64
2
26
11/06/2010
16
67
2
27
27/05/2008
52
29
2
28
27/05/2008
52
45
2
29
29/07/2009
159
15
2
30
29/07/2009
159
27
2
31
30/07/2009
90
40
2
32
03/07/2009
70
37
2
33
03/07/2009
70
46
2
34
30/01/2009
47
12
2
35
30/01/2009
47
30
2
36
07/12/2008
143
12
2
37
07/12/2008
143
30
2
38
07/12/2008
143
36
2
39
13/12/2008
81
18
2
40
13/12/2008
81
37
2
41
27/05/2010
95
28
2
42
27/05/2010
95
50
2
43
27/05/2010
95
52
2
44
27/05/2010
95
53
2
45
27/05/2010
95
58
2
46
27/05/2010
95
65
2
47
18/08/2010
99
31
2
48
08/07/2008
176
59
2
49
22/04/2008
67
16
2
50
22/04/2008
67
30
2
51
18/04/2010
178
7
2
53
22/03/2008
93
20
2
54
22/03/2008
93
42
2
55
24/11/2009
43
33
2
56
24/11/2009
43
41
2
57
06/10/2008
63
3
2
58
06/10/2008
63
30
2
59
06/10/2008
63
59
2
60
09/05/2010
46
27
2
61
21/03/2009
158
11
2
62
21/03/2009
158
17
2
63
21/03/2009
158
33
2
64
21/03/2009
158
50
2
65
04/05/2009
75
13
2
66
20/10/2008
63
14
2
67
20/10/2008
63
52
2
68
13/09/2010
164
13
2
69
02/12/2009
124
49
2
71
21/03/2008
158
10
2
72
21/03/2008
158
47
2
73
21/03/2008
158
56
2
74
21/03/2008
158
59
2
75
04/12/2009
172
15
2
76
04/12/2009
172
16
2
77
04/12/2009
172
66
2
78
10/07/2009
147
27
2
79
25/10/2010
48
64
2
80
29/07/2008
186
57
2
81
11/11/2010
194
21
2
82
01/02/2009
48
7
2
83
01/02/2009
48
14
2
84
26/06/2008
118
7
2
85
26/06/2008
118
20
2
86
26/06/2008
118
26
2
87
03/04/2010
153
10
2
88
03/04/2010
153
45
2
89
13/03/2010
188
7
2
90
13/03/2010
188
11
2
91
13/03/2010
188
42
2
92
13/03/2010
188
56
2
93
02/10/2010
95
16
2
94
02/10/2010
95
55
2
95
29/10/2010
88
13
2
96
29/10/2010
88
32
2
97
29/10/2010
88
65
2
98
23/01/2009
174
4
2
99
23/01/2009
174
57
2
100
23/01/2009
174
65
2
101
15/11/2010
139
29
2
102
15/11/2010
139
43
2
103
19/02/2009
80
13
2
104
19/02/2009
80
42
2
105
19/02/2009
80
63
2
107
07/03/2010
22
5
2
108
07/03/2010
22
66
2
109
03/12/2008
68
52
2
110
03/12/2008
68
58
2
111
20/03/2008
117
4
2
112
20/03/2008
117
26
2
113
20/03/2008
117
37
2
114
20/03/2008
117
52
2
115
05/06/2009
197
20
2
116
05/06/2009
197
25
2
117
05/06/2009
197
54
2
118
16/05/2008
130
46
2
119
16/05/2008
130
54
2
120
07/12/2008
123
12
2
121
07/12/2008
123
18
2
122
07/02/2010
14
14
2
123
07/02/2010
14
19
2
124
07/02/2010
14
31
2
125
07/02/2010
14
57
2
126
07/02/2010
14
61
2
127
29/05/2008
21
6
2
128
29/05/2008
21
18
2
129
17/11/2009
24
7
2
130
17/11/2009
24
58
2
131
17/11/2009
24
63
2
132
23/10/2009
64
25
2
133
28/03/2009
163
19
2
134
28/03/2009
163
24
2
135
28/03/2009
163
64
2
136
05/07/2009
4
15
2
137
05/07/2009
4
27
2
138
05/07/2009
4
42
2
139
19/05/2009
92
5
2
141
19/05/2009
92
28
2
142
19/05/2009
92
58
2
143
19/05/2009
92
66
2
144
29/11/2008
152
4
2
145
29/11/2008
152
31
2
146
29/11/2008
152
32
2
147
30/03/2008
125
1
2
148
30/03/2008
125
28
2
149
30/03/2008
125
58
2
150
30/03/2008
125
69
2
151
01/11/2009
178
14
2
152
01/11/2009
178
28
2
153
01/11/2009
178
33
2
154
01/11/2009
178
44
2
155
01/11/2009
178
58
2
156
04/11/2010
18
11
2
157
04/11/2010
18
31
2
158
04/11/2010
18
48
2
159
04/11/2010
18
52
2
160
05/08/2009
52
12
2
161
05/08/2009
52
14
2
162
05/08/2009
52
43
2
163
05/08/2009
52
53
2
164
05/08/2009
52
66
2
165
03/04/2008
95
11
2
166
03/04/2008
95
40
2
167
04/08/2010
10
37
2
168
11/01/2009
127
15
2
169
11/01/2009
127
31
2
170
11/01/2009
127
67
2
171
17/02/2008
52
67
2
172
05/10/2009
157
45
2
173
19/11/2009
116
23
3
174
19/11/2009
116
42
3
175
19/11/2009
116
69
3
176
01/11/2008
39
61
3
177
01/11/2008
39
68
3
178
10/05/2008
153
4
3
179
10/05/2008
153
61
3
180
22/02/2010
74
5
3
181
22/02/2010
74
24
3
182
22/02/2010
74
68
3
183
10/03/2009
177
4
3
184
10/03/2009
177
14
3
185
10/03/2009
177
16
3
186
10/03/2009
177
53
3
187
06/01/2010
63
13
3
188
06/01/2010
63
21
3
189
06/01/2010
63
43
3
190
06/01/2010
63
45
3
191
06/01/2010
63
60
3
192
06/01/2010
63
65
3
193
23/11/2009
31
15
3
194
23/11/2009
31
65
3
195
17/05/2010
129
16
3
196
17/05/2010
129
65
3
197
01/04/2010
24
42
3
198
01/04/2010
24
57
3
199
20/12/2008
118
28
3
200
20/12/2008
118
37
3
201
20/12/2008
118
66
3
202
20/12/2008
118
67
3
203
02/10/2010
29
4
3
204
02/10/2010
29
13
3
205
02/10/2010
29
25
3
206
02/10/2010
29
31
3
207
17/08/2008
76
18
3
208
17/08/2008
76
35
3
209
17/08/2008
76
67
3
210
15/05/2008
124
5
3
211
15/05/2008
124
16
3
212
15/05/2008
124
35
3
213
15/05/2008
124
57
3
214
12/07/2008
18
25
3
215
12/07/2008
18
47
3
216
12/07/2008
18
52
3
217
10/06/2009
98
17
3
218
10/06/2009
98
22
3
220
05/05/2008
138
12
3
221
05/05/2008
138
47
3
222
05/05/2008
138
65
3
223
10/09/2009
136
10
3
224
10/09/2009
136
11
3
225
10/09/2009
136
34
3
226
10/09/2009
136
62
3
227
10/09/2009
136
67
3
228
15/07/2008
198
38
3
229
15/07/2008
198
61
3
230
24/11/2009
128
3
3
231
11/09/2008
129
22
3
232
11/09/2008
129
31
3
233
11/09/2008
129
47
3
234
11/09/2008
129
59
3
235
15/03/2008
27
52
3
236
07/03/2008
124
5
3
237
07/03/2008
124
25
3
238
07/03/2008
124
36
3
239
22/07/2010
8
31
3
240
09/05/2008
47
38
3
241
09/05/2008
47
50
3
242
04/03/2010
46
20
3
244
04/02/2008
5
49
3
245
04/02/2008
5
50
3
246
04/02/2008
5
65
3
247
16/01/2008
109
3
3
248
16/01/2008
109
10
3
249
16/01/2008
109
24
3
250
16/01/2008
109
35
3
251
16/01/2008
109
42
3
252
09/12/2008
65
60
3
253
07/11/2009
34
20
3
254
07/11/2009
34
66
3
255
26/11/2009
158
14
3
256
26/11/2009
158
43
3
257
26/11/2009
158
56
3
258
26/11/2009
158
65
3
259
01/05/2008
97
11
3
260
01/05/2008
97
19
3
261
01/05/2008
97
37
3
262
01/05/2008
97
67
3
263
27/04/2008
76
3
3
264
27/04/2008
76
21
3
265
10/02/2010
167
36
3
266
21/03/2009
14
17
3
267
16/10/2008
76
24
3
268
16/10/2008
76
45
3
269
03/10/2010
75
41
3
270
24/12/2009
85
50
3
271
24/12/2009
85
68
3
272
08/08/2009
93
39
3
273
05/09/2010
173
3
3
274
08/05/2010
8
2
3
275
08/05/2010
8
6
3
276
08/05/2010
8
15
3
277
08/05/2010
8
23
3
278
02/02/2010
138
2
3
280
02/02/2010
138
55
3
281
18/06/2010
20
48
3
282
13/03/2009
155
37
3
283
13/03/2009
155
59
3
284
25/10/2010
44
12
3
285
25/10/2010
44
48
3
286
22/11/2010
70
6
3
287
22/11/2010
70
24
3
288
22/11/2010
70
48
3
289
23/02/2009
89
31
3
290
14/01/2009
112
23
3
291
30/04/2010
156
6
3
293
14/02/2009
195
28
3
294
14/02/2009
195
38
3
295
14/02/2009
195
45
3
296
19/03/2010
59
3
3
297
19/03/2010
59
16
3
298
19/03/2010
59
67
3
299
23/04/2009
91
13
3
300
23/04/2009
91
17
3
301
23/04/2009
91
27
3
302
23/04/2009
91
63
3
303
24/07/2010
93
10
3
304
24/07/2010
93
28
3
305
24/07/2010
93
69
3
306
07/10/2009
73
6
3
307
07/10/2009
73
46
3
308
02/12/2008
97
3
3
309
02/12/2008
97
46
3
310
02/12/2008
97
62
3
311
19/03/2010
31
23
3
312
29/04/2010
133
20
3
313
29/04/2010
133
22
3
314
29/04/2010
133
65
3
316
28/11/2010
117
56
3
317
28/11/2010
117
63
3
318
05/01/2010
29
18
3
319
05/01/2010
29
58
3
320
05/01/2010
29
69
3
321
16/01/2010
15
36
3
322
16/01/2010
15
37
3
323
16/01/2010
15
53
3
324
16/01/2010
15
56
3
325
02/04/2009
100
11
3
326
02/04/2009
100
15
3
327
02/04/2009
100
68
3
328
12/03/2010
29
4
3
329
22/01/2010
165
18
3
330
14/02/2008
48
12
3
331
14/02/2008
48
67
3
332
04/10/2009
102
5
3
333
04/10/2009
102
11
3
334
04/10/2009
102
23
3
335
04/10/2009
102
37
3
336
04/10/2009
102
54
3
338
21/02/2009
195
2
3
339
21/02/2009
195
6
3
340
21/02/2009
195
11
3
341
21/02/2009
195
25
3
342
21/02/2009
195
62
3
343
15/10/2009
196
2
3
344
15/10/2009
196
5
3
345
15/10/2009
196
6
3
347
15/10/2009
196
31
3
348
15/10/2009
196
34
3
349
15/10/2009
196
41
3
350
15/10/2009
196
44
3
351
07/04/2009
140
21
3
352
07/04/2009
140
22
3
353
01/05/2008
114
1
3
354
01/05/2008
114
27
3
355
01/05/2008
114
42
3
357
27/08/2008
175
39
3
358
30/09/2009
184
3
3
359
30/09/2009
184
39
3
360
30/09/2009
184
51
3
361
30/09/2009
184
66
3
362
10/08/2008
65
26
3
363
09/12/2009
109
2
3
364
09/12/2009
109
27
3
365
09/12/2009
109
65
3
366
09/11/2008
124
25
3
367
09/11/2008
124
28
3
368
20/11/2008
88
38
3
369
20/11/2008
88
56
3
370
20/11/2008
88
63
3
371
11/01/2009
123
10
3
373
07/05/2009
36
14
3
374
07/05/2009
36
15
3
375
07/05/2009
36
60
3
377
14/03/2010
11
47
3
378
14/03/2010
11
55
3
379
11/01/2008
85
24
3
380
11/01/2008
85
38
3
381
11/01/2008
85
50
3
382
21/03/2009
81
47
3
383
07/07/2009
188
31
3
384
07/07/2009
188
53
3
385
24/01/2008
47
67
3
386
28/08/2008
156
57
3
387
10/06/2010
26
19
3
388
10/06/2010
26
42
3
390
27/02/2008
183
23
3
391
27/02/2008
183
51
3
392
27/02/2008
183
56
3
393
27/02/2008
183
63
3
394
15/10/2010
88
46
3
396
31/12/2009
47
23
4
397
06/11/2009
139
61
2
398
25/07/2009
184
23
2
399
25/07/2009
184
24
2
400
25/07/2009
184
32
2
402
29/06/2009
137
26
2
403
29/06/2009
137
27
2
404
29/06/2009
137
43
2
405
29/06/2009
137
51
2
406
14/12/2010
165
55
2
407
14/11/2008
123
23
2
408
14/11/2008
123
26
2
409
14/11/2008
123
41
2
410
14/11/2008
123
63
2
411
14/11/2008
123
69
2
412
10/06/2008
126
3
2
413
10/06/2008
126
16
2
414
10/06/2008
126
60
2
415
10/06/2008
126
67
2
416
26/11/2009
165
43
2
417
26/11/2009
165
44
2
418
26/11/2009
165
45
2
419
26/11/2009
165
53
2
420
01/04/2010
71
11
3
421
01/04/2010
71
35
3
422
14/04/2010
194
16
3
423
14/04/2010
194
19
3
424
08/12/2009
10
33
3
425
08/12/2009
10
46
3
426
02/06/2009
3
18
3
427
02/06/2009
3
44
3
428
02/06/2009
3
46
3
429
02/06/2009
3
50
3
430
02/06/2009
3
51
3
432
24/12/2009
68
11
3
433
24/12/2009
68
21
3
434
24/12/2009
68
30
3
435
24/12/2009
68
44
3
436
05/02/2008
53
17
3
437
05/02/2008
53
22
3
438
05/02/2008
53
41
3
439
05/02/2008
53
46
3
440
05/02/2008
53
47
3
441
05/09/2010
183
3
3
442
05/09/2010
183
6
3
443
05/09/2010
183
19
3
444
05/09/2010
183
64
3
445
05/09/2010
183
69
3
446
18/10/2008
110
21
3
447
18/10/2008
110
23
3
448
18/10/2008
110
30
3
449
18/10/2008
110
36
3
450
18/10/2008
110
69
3
452
17/10/2009
20
55
3
453
14/10/2010
28
2
3
454
14/10/2010
28
48
3
455
23/09/2009
196
17
3
456
23/09/2009
196
32
3
457
23/09/2009
196
54
3
458
23/09/2009
196
60
3
459
02/10/2008
128
30
3
460
02/10/2008
128
48
3
461
02/10/2008
128
57
3
462
24/11/2009
26
45
3
463
13/01/2008
145
27
3
464
13/01/2008
145
48
3
465
07/03/2008
127
32
4
466
07/03/2008
127
34
4
467
07/03/2008
127
42
4
468
07/03/2008
127
67
4
469
06/09/2008
23
10
4
470
06/09/2008
23
23
4
471
06/09/2008
23
53
4
472
06/09/2008
23
65
4
473
24/05/2009
21
52
4
474
24/05/2009
21
66
4
475
09/03/2010
186
60
4
476
09/03/2010
186
68
4
477
25/10/2009
145
14
4
478
25/10/2009
145
51
4
479
29/11/2008
41
56
4
481
09/04/2010
194
32
4
482
09/04/2010
194
42
4
483
01/01/2009
169
10
4
484
01/01/2009
169
14
4
485
01/01/2009
169
36
4
486
01/01/2009
169
40
4
487
01/01/2009
169
55
4
488
01/03/2010
100
47
4
489
01/03/2010
100
53
4
490
01/03/2010
100
55
4
491
01/03/2010
100
61
4
492
12/03/2009
39
1
4
493
27/01/2010
99
25
4
494
27/01/2010
99
40
4
495
24/06/2008
22
1
4
496
24/06/2008
22
2
4
497
24/06/2008
22
23
4
498
24/06/2008
22
27
4
499
24/06/2008
22
62
4
500
17/11/2009
151
35
4
501
04/07/2009
16
14
5
502
04/07/2009
16
69
5
503
06/11/2008
38
53
5
504
27/05/2010
109
17
5
505
27/05/2010
109
18
5
506
27/05/2010
109
50
5
507
14/04/2010
194
46
1
508
01/05/2009
5
5
1
509
01/05/2009
5
6
1
511
11/10/2010
115
14
1
512
11/10/2010
115
29
1
513
23/10/2008
93
15
1
514
26/02/2009
22
20
1
515
26/02/2009
22
33
1
516
29/08/2009
139
26
1
517
29/08/2009
139
44
1
518
29/08/2009
139
51
1
519
24/05/2008
96
2
1
520
24/05/2008
96
33
1
521
02/07/2009
17
24
1
522
02/07/2009
17
26
1
523
02/07/2009
17
34
1
524
02/07/2009
17
54
1
525
02/07/2009
17
69
1
526
20/04/2010
82
31
1
527
20/04/2010
82
37
1
528
18/01/2009
189
11
1
529
18/01/2009
189
44
1
530
18/01/2009
189
60
1
531
16/11/2010
184
4
1
532
16/11/2010
184
34
1
533
21/08/2009
131
18
1
534
21/08/2009
131
42
1
535
21/08/2009
131
46
1
536
11/11/2010
184
11
1
537
11/11/2010
184
16
1
538
09/11/2010
20
19
1
539
09/11/2010
20
64
1
540
21/02/2008
143
13
1
541
21/02/2008
143
30
1
542
29/05/2008
130
17
1
543
29/05/2008
130
45
1
544
29/05/2008
130
54
1
545
30/11/2010
72
2
1
547
30/11/2010
72
25
1
548
20/11/2010
184
13
1
549
20/11/2010
184
51
1
550
29/05/2010
175
21
1
551
29/05/2010
175
56
1
552
02/02/2010
156
18
1
553
02/02/2010
156
39
1
554
02/02/2010
156
47
1
555
02/02/2010
156
68
1
556
31/10/2009
122
4
1
557
31/10/2009
122
23
1
558
15/04/2009
78
20
1
560
13/01/2009
147
24
1
561
13/01/2009
147
33
1
562
13/01/2009
147
51
1
563
05/09/2010
12
25
1
564
09/08/2008
118
1
1
565
09/08/2008
118
12
1
566
09/08/2008
118
32
1
567
28/05/2009
57
29
1
568
29/08/2008
35
47
1
569
29/08/2008
35
49
1
570
29/08/2008
35
65
1
571
19/02/2008
125
43
1
572
19/05/2008
4
34
1
573
19/05/2008
4
56
1
574
05/10/2010
57
17
1
575
05/10/2010
57
33
1
576
05/10/2010
57
65
1
577
24/07/2008
118
37
1
578
14/05/2009
65
42
1
579
05/08/2008
98
20
1
580
05/08/2008
98
36
1
581
05/08/2008
98
39
1
582
05/08/2008
98
51
1
583
05/08/2008
98
57
1
584
01/10/2010
24
30
1
585
01/10/2010
24
49
1
586
01/10/2010
24
55
1
587
01/10/2010
24
66
1
588
10/01/2008
113
26
1
589
10/01/2008
113
30
1
590
10/01/2008
113
31
1
591
20/04/2008
115
4
1
592
20/04/2008
115
30
1
593
02/06/2008
48
33
1
594
02/06/2008
48
43
1
595
02/06/2008
48
66
1
596
02/06/2008
48
67
1
597
29/04/2009
179
2
1
598
29/04/2009
179
64
1
599
15/08/2010
140
20
1
600
15/08/2010
140
24
1
601
15/08/2010
140
52
1
602
15/08/2010
140
67
1
603
15/08/2010
140
68
1
604
24/08/2008
33
60
1
606
25/07/2008
100
42
1
607
25/04/2008
147
1
1
608
25/04/2008
147
34
1
609
19/06/2009
135
33
1
610
02/11/2009
155
45
1
611
22/06/2010
42
3
1
612
07/10/2010
13
1
1
613
07/10/2010
13
69
1
614
26/10/2010
189
26
1
615
26/10/2010
189
44
1
616
26/10/2010
189
48
1
617
28/07/2010
118
2
1
618
28/07/2010
118
19
1
619
28/07/2010
118
25
1
620
28/07/2010
118
27
1
621
04/06/2010
158
14
1
622
04/06/2010
158
19
1
623
04/06/2010
158
37
1
624
04/06/2010
158
48
1
625
25/02/2008
125
20
1
626
25/02/2008
125
21
1
627
25/02/2008
125
23
1
628
25/02/2008
125
30
1
629
01/03/2009
178
24
1
630
01/03/2009
178
26
1
631
01/03/2009
178
48
1
632
20/10/2008
3
2
1
634
20/10/2008
3
44
1
635
25/02/2010
105
6
1
636
25/02/2010
105
48
1
637
27/06/2009
97
53
1
638
27/06/2009
97
56
1
639
27/06/2009
97
61
1
640
17/08/2009
84
52
1
641
17/08/2009
84
57
1
642
17/08/2009
84
67
1
643
17/08/2009
84
69
1
644
02/11/2009
115
2
1
645
02/11/2009
115
30
1
646
02/11/2009
115
61
1
647
21/10/2009
122
5
1
648
21/10/2009
122
13
1
649
21/10/2009
122
17
1
650
21/10/2009
122
38
1
651
29/06/2008
53
18
1
652
29/06/2008
53
48
1
653
29/06/2008
53
56
1
654
29/06/2008
53
64
1
655
17/07/2009
75
12
1
656
17/07/2009
75
33
1
657
17/07/2009
75
42
1
658
17/07/2009
75
67
1
659
11/04/2010
51
18
1
660
27/01/2008
106
51
1
661
26/10/2009
145
25
1
662
26/10/2009
145
42
1
663
26/10/2009
145
46
1
664
26/10/2009
145
49
1
666
07/09/2010
159
47
1
667
07/09/2010
159
69
1
669
16/11/2008
152
50
1
670
18/09/2008
18
7
1
671
18/09/2008
18
57
1
672
27/04/2009
128
61
1
673
27/04/2009
128
68
1
674
09/06/2009
199
13
1
675
09/06/2009
199
14
1
676
09/06/2009
199
43
1
677
25/08/2010
51
17
1
678
25/08/2010
51
23
1
679
22/01/2008
5
34
1
680
22/01/2008
5
39
1
681
22/01/2008
5
40
1
682
23/09/2010
4
19
1
683
23/09/2010
4
47
1
684
23/09/2010
4
69
1
685
29/05/2008
182
21
1
686
29/05/2008
182
35
1
687
11/12/2008
13
7
1
688
11/12/2008
13
49
1
689
24/09/2010
23
30
1
690
16/01/2010
132
12
1
691
24/01/2008
140
4
1
692
24/01/2008
140
42
1
693
24/01/2008
140
45
1
694
24/01/2008
140
57
1
695
05/05/2009
31
2
1
696
05/05/2009
31
10
1
697
05/05/2009
31
31
1
698
12/12/2009
48
21
1
699
12/12/2009
48
24
1
700
12/12/2009
48
25
1
701
12/12/2009
48
34
1
702
25/01/2009
182
66
1
703
22/09/2009
114
6
1
704
22/09/2009
114
39
1
705
22/09/2009
114
42
1
706
21/04/2010
53
45
1
707
21/04/2010
53
64
1
708
11/07/2010
82
14
1
709
11/07/2010
82
58
1
710
11/07/2010
82
60
1
711
16/08/2008
110
16
1
712
16/08/2008
110
31
1
713
01/06/2010
114
21
1
714
01/06/2010
114
56
1
715
24/11/2008
173
20
1
716
24/11/2008
173
36
1
717
13/11/2010
14
35
1
718
13/11/2010
14
38
1
719
13/11/2010
14
68
1
720
02/12/2010
97
4
1
721
26/10/2009
92
11
1
722
26/10/2009
92
18
1
723
26/10/2009
92
24
1
724
26/10/2009
92
26
1
725
03/04/2009
9
2
1
726
03/04/2009
9
26
1
728
10/06/2009
53
21
1
729
10/06/2009
53
58
1
730
07/08/2009
118
38
1
731
07/08/2009
118
39
1
732
07/08/2009
118
46
1
733
07/08/2009
118
60
1
734
07/08/2009
118
65
1
735
15/11/2008
49
38
1
736
15/11/2008
49
52
1
737
15/11/2008
49
53
1
738
12/10/2009
17
17
1
739
12/10/2009
17
38
1
740
12/10/2009
17
61
1
741
09/07/2010
117
6
1
742
18/04/2008
85
2
1
743
18/04/2008
85
4
1
744
18/04/2008
85
23
1
745
30/01/2008
139
5
1
746
30/01/2008
139
67
1
747
24/02/2009
3
31
1
748
24/02/2009
3
38
1
749
24/02/2009
3
39
1
750
30/12/2009
144
6
1
751
30/12/2009
144
7
1
753
26/02/2010
103
15
1
754
26/02/2010
103
16
1
755
26/02/2010
103
42
1
756
02/10/2009
117
1
1
757
02/10/2009
117
47
1
758
22/11/2008
142
17
1
759
22/11/2008
142
29
1
760
22/11/2008
142
37
1
761
04/05/2010
9
35
1
762
04/05/2010
9
44
1
763
25/02/2009
110
51
2
764
25/02/2009
110
54
2
765
25/02/2009
110
55
2
766
25/02/2009
110
61
2
767
25/02/2009
110
67
2
768
26/08/2010
96
30
2
769
26/08/2010
96
50
2
770
26/08/2010
96
65
2
771
04/12/2009
177
5
2
772
04/12/2009
177
34
2
773
04/12/2009
177
45
2
774
04/12/2009
177
50
2
775
04/12/2009
177
60
2
776
04/12/2009
177
65
2
777
22/01/2008
132
18
2
778
22/01/2008
132
40
2
779
09/10/2010
56
3
2
780
09/10/2010
56
36
2
781
09/10/2010
56
40
2
782
09/10/2010
56
59
2
783
21/12/2008
103
7
2
784
21/12/2008
103
12
2
785
21/12/2008
103
15
2
786
16/09/2010
22
14
2
787
16/09/2010
22
30
2
788
16/09/2010
22
51
2
789
23/09/2010
25
23
2
790
23/09/2010
25
24
2
791
23/09/2010
25
53
2
792
24/02/2008
76
39
2
793
31/12/2009
47
42
4
794
31/12/2009
47
51
4
795
31/12/2009
47
63
4
796
14/06/2009
70
33
4
797
14/06/2009
70
55
4
798
14/06/2009
70
58
4
799
09/09/2010
136
58
4
800
10/10/2008
107
18
4
801
10/10/2008
107
36
4
802
10/10/2008
107
53
4
803
10/10/2008
107
58
4
804
03/08/2010
17
4
4
805
03/09/2008
90
15
4
806
03/09/2008
90
33
4
807
03/09/2008
90
51
4
808
03/09/2008
90
59
4
809
09/07/2009
79
5
4
810
09/07/2009
79
25
4
811
09/07/2009
79
36
4
812
09/07/2009
79
52
4
813
09/07/2009
79
55
4
816
23/01/2010
46
20
4
817
23/01/2010
46
57
4
818
19/04/2008
38
23
4
819
19/04/2008
38
28
4
820
19/04/2008
38
47
4
821
10/03/2010
17
22
4
822
10/03/2010
17
53
4
824
16/02/2009
27
16
4
825
16/02/2009
27
47
4
826
16/02/2009
27
65
4
827
02/01/2010
171
30
4
828
31/01/2010
98
5
4
830
31/01/2010
98
23
4
831
17/04/2009
178
20
4
832
17/04/2009
178
47
4
833
22/03/2009
165
10
4
834
22/03/2009
165
57
4
836
04/06/2009
1
4
4
837
04/06/2009
1
32
4
838
04/06/2009
1
43
4
839
09/01/2008
56
15
4
840
09/01/2008
56
41
4
841
09/01/2008
56
44
4
842
30/05/2008
78
6
4
843
30/05/2008
78
10
4
844
30/05/2008
78
39
4
845
30/05/2008
78
44
4
846
30/05/2008
78
55
4
847
06/05/2008
2
1
4
848
06/05/2008
2
2
4
849
06/05/2008
2
11
4
850
06/05/2008
2
20
4
851
06/05/2008
2
27
4
852
06/05/2008
2
31
4
853
06/05/2008
2
51
4
854
23/04/2008
3
34
4
855
23/04/2008
3
37
4
856
23/04/2008
3
39
4
857
23/04/2008
3
52
4
858
23/04/2008
3
57
4
859
11/01/2009
188
39
4
860
11/01/2009
188
59
4
861
11/01/2009
188
66
4
862
26/02/2009
76
3
4
863
07/02/2010
68
2
4
864
07/02/2010
68
52
4
865
07/02/2010
68
62
4
866
07/10/2008
154
12
4
867
07/10/2008
154
15
4
869
25/05/2008
88
43
4
870
25/05/2008
88
60
4
871
21/01/2008
181
22
4
872
21/01/2008
181
35
4
873
21/01/2008
181
40
4
874
16/11/2008
32
57
4
875
15/06/2008
188
11
4
876
15/06/2008
188
18
4
877
15/06/2008
188
62
4
878
18/09/2010
18
15
4
879
18/09/2010
18
36
4
880
12/08/2010
155
35
4
881
12/08/2010
155
49
4
882
20/06/2009
133
18
4
883
20/06/2009
133
32
4
884
20/06/2009
133
39
4
885
20/06/2009
133
53
4
886
27/07/2009
187
46
4
887
28/03/2008
139
69
4
888
17/08/2010
148
28
4
889
17/08/2010
148
44
4
890
17/08/2010
148
55
4
891
17/08/2010
148
57
4
892
01/02/2008
7
25
4
893
01/02/2008
7
60
4
895
18/05/2008
165
16
4
897
30/08/2010
27
1
4
898
30/08/2010
27
29
4
899
30/08/2010
27
53
4
900
30/08/2010
27
62
4
901
08/08/2009
53
35
4
902
08/08/2009
53
38
4
903
08/08/2009
53
57
4
904
08/08/2009
53
63
4
905
02/12/2008
101
43
4
906
02/12/2008
101
56
4
907
02/12/2008
101
69
4
908
29/04/2008
181
22
4
909
29/04/2008
181
55
4
910
29/04/2008
181
58
4
911
01/06/2008
52
2
4
912
01/06/2008
52
39
4
913
01/06/2008
52
49
4
914
23/04/2008
144
36
4
915
16/02/2009
101
21
4
916
16/02/2009
101
68
4
917
26/02/2009
196
50
4
918
26/02/2009
196
64
4
919
26/02/2009
196
65
4
920
26/02/2009
196
69
4
921
20/10/2008
197
37
4
922
20/10/2008
197
59
4
923
20/10/2008
197
66
4
925
27/03/2010
18
17
4
926
27/03/2010
18
22
4
927
27/03/2010
18
54
4
928
28/08/2010
156
53
4
929
28/08/2010
156
58
4
930
29/04/2009
48
31
4
931
27/12/2008
95
19
4
932
27/12/2008
95
66
4
933
18/11/2009
107
10
4
934
18/11/2009
107
33
4
935
18/11/2009
107
48
4
936
18/11/2009
107
50
4
937
18/11/2009
107
65
4
938
31/01/2009
68
13
4
939
31/01/2009
68
45
4
940
26/01/2008
79
7
4
941
26/01/2008
79
63
4
942
12/04/2008
63
41
4
943
12/04/2008
63
48
4
944
12/04/2008
63
69
4
945
12/04/2008
3
25
4
946
12/04/2008
3
43
4
947
15/04/2010
145
41
4
948
10/07/2010
102
37
4
949
10/03/2008
146
30
4
951
17/05/2010
152
26
4
952
14/11/2010
7
60
4
953
02/07/2008
11
35
4
954
02/07/2008
11
44
4
955
02/07/2008
11
53
4
956
02/07/2008
11
58
4
957
02/07/2008
11
66
4
958
31/12/2009
15
3
4
959
29/04/2009
72
33
4
960
29/04/2009
72
35
4
961
29/04/2009
72
39
4
962
29/04/2009
72
56
4
963
18/11/2009
101
6
4
964
18/11/2009
101
27
4
965
18/11/2009
101
29
4
966
18/11/2009
101
34
4
967
18/11/2009
101
60
4
968
30/11/2009
196
33
4
969
20/10/2008
157
2
4
970
20/10/2008
157
34
4
971
20/10/2008
157
64
4
972
02/02/2009
82
52
4
973
16/01/2010
12
17
4
974
16/01/2010
12
20
4
975
16/01/2010
12
50
4
976
16/01/2010
12
64
4
977
25/11/2010
159
25
4
978
25/11/2010
159
26
4
979
25/11/2010
159
51
4
981
24/08/2010
38
25
4
982
24/08/2010
38
26
4
983
24/08/2010
38
31
4
984
19/03/2008
100
25
4
985
19/03/2008
100
49
4
986
29/08/2009
91
3
4
987
15/03/2009
153
18
4
988
15/03/2009
153
24
4
989
15/03/2009
153
26
4
990
15/03/2009
153
56
4
991
15/03/2009
153
65
4
992
02/08/2010
42
13
4
993
02/08/2010
42
19
4
994
13/11/2008
20
21
5
995
13/11/2008
20
61
5
996
13/11/2008
20
63
5
997
04/07/2010
18
45
5
998
04/07/2010
18
48
5
999
04/07/2010
18
65
5
